"_gcl_au=1.1.1349655470.1616424240; _ga=GA1.2.626055870.1616424240; 
_gid=GA1.2.1211002166.1616424240; _scid=b631aa5f-fb98-4981-9941-4b3d468ba651; 
tc_ptidexpiry=1679496240959; tc_ptid=71hOGVigRSBiDUSMgd3aI7;
 _fbp=fb.1.1616424240992.434979201; __qca=P0-1945576139-1616424241052;
  _sctr=1|1616385600000; visitor_id314231=172330766;
   visitor_id314231-hash=086d46a598637ab78aa67079c06121a6aef9bd09e283a56f6a948cd0d9447f0e3f3b9af184f1dd7efa19b8855c98e8d2c6b5ee09;
    nmstat=c630c695-646e-03e8-cfc1-ae71918e0cea; tc_ttid=5qn8jVjjUETttVXow7Orf5; 
    _uetsid=0a260fe08b1d11eba14a7f2be33eca67; _uetvid=0a270c208b1d11ebb686812eb1f559e9; 
    _gat_UA-7175987-1=1"